Arizona Diamondbacks
Jake Barrett|0 (0)|0 (0)|1.0 (22)|0 (0)|0 (0)|1.33 (26)|0 (0)||0|0|22|0|0
Matt Buschmann|0 (0)|1.0 (11)|0 (0)|0 (0)|0 (0)|1.0 (19)|0 (0)||0|11|0|0|0
Andrew Chafin|0 (0)|0.66 (7)|0.33 (5)|0 (0)|0 (0)|0 (0)|1.0 (10)||0|7|5|0|0
Tyler Clippard|0 (0)|0 (0)|1.0 (12)|1.0 (12)|0 (0)|0 (0)|0 (0)||0|0|12|12|0
Rubby De La Rosa|0 (0)|0 (0)|0 (0)|0 (0)|0 (0)|0 (0)|1.0 (14)||0|0|0|0|0
Randall Delgado|0 (0)|0.0 (6)|1.0 (20)|0 (0)|0 (0)|1.66 (39)|0 (0)||0|6|20|0|0
Daniel Hudson|0.66 (14)|0 (0)|0 (0)|1.0 (11)|0 (0)|0 (0)|0 (0)||14|0|0|11|0
Brad Ziegler|1.0 (19)|0 (0)|0 (0)|1.0 (13)|0 (0)|0 (0)|1.0 (22)||19|0|0|13|0
Atlanta Braves
Hunter Cervenka|0 (0)|0 (0)|0.66 (10)|0.0 (4)|0 (0)|0 (0)|0 (0)||0|0|10|4|0
John Gant|0 (0)|0 (0)|0 (0)|0 (0)|0 (0)|0 (0)|1.0 (22)||0|0|0|0|0
Jason Grilli|0 (0)|0 (0)|0 (0)|0 (0)|1.0 (15)|0 (0)|0.66 (26)||0|0|0|0|15
Jim Johnson|0.66 (8)|0 (0)|0 (0)|0.66 (14)|0 (0)|1.33 (26)|0 (0)||8|0|0|14|0
Eric O'Flaherty|0.33 (3)|0 (0)|0 (0)|0.0 (1)|0.66 (12)|0.33 (1)|0 (0)||3|0|0|1|12
Alexi Ogando|2.0 (23)|0 (0)|0 (0)|0 (0)|1.33 (27)|0 (0)|2.0 (36)||23|0|0|0|27
Jose Ramirez|0 (0)|0 (0)|0 (0)|0 (0)|0 (0)|1.0 (37)|1.0 (34)||0|0|0|0|0
Arodys Vizcaino|1.33 (35)|1.0 (16)|0 (0)|0.33 (2)|0 (0)|0 (0)|0.33 (5)||35|16|0|2|0
Daniel Winkler|0 (0)|0 (0)|0 (0)|0 (0)|0 (0)|1.0 (16)|0 (0)||0|0|0|0|0
Chris Withrow|0.33 (3)|0 (0)|1.33 (18)|1.0 (6)|0 (0)|0.66 (30)|0 (0)||3|0|18|6|0
Baltimore Orioles
Brad Brach|1.0 (22)|1.0 (10)|0 (0)|0 (0)|1.0 (10)|1.33 (18)|0 (0)||22|10|0|0|10
Zach Britton|1.0 (13)|0 (0)|0 (0)|0 (0)|1.0 (24)|1.0 (14)|0 (0)||13|0|0|0|24
Dylan Bundy|0 (0)|0 (0)|0 (0)|2.33 (43)|0 (0)|0 (0)|0 (0)||0|0|0|43|0
Mychal Givens|0 (0)|0.66 (14)|0 (0)|0 (0)|1.33 (30)|1.0 (16)|0 (0)||0|14|0|0|30
T.J. McFarland|0 (0)|1.0 (14)|0 (0)|1.33 (11)|0.66 (12)|0 (0)|0 (0)||0|14|0|11|12
Darren O'Day|1.0 (18)|0 (0)|0 (0)|0.33 (8)|0 (0)|1.0 (33)|0 (0)||18|0|0|8|0
Tyler Wilson|0 (0)|0 (0)|3.0 (39)|0 (0)|0 (0)|0 (0)|0 (0)||0|0|39|0|0
Boston Red Sox
Matt Barnes|0 (0)|0 (0)|0.66 (10)|0 (0)|1.0 (13)|0 (0)|0 (0)||0|0|10|0|13
Craig Kimbrel|1.0 (18)|0 (0)|1.0 (14)|0 (0)|1.0 (22)|0 (0)|0 (0)||18|0|14|0|22
Tommy Layne|0 (0)|0 (0)|0.66 (5)|1.0 (13)|0 (0)|0 (0)|0 (0)||0|0|5|13|0
Noe Ramirez|0 (0)|0 (0)|0 (0)|1.0 (17)|0 (0)|1.33 (20)|0 (0)||0|0|0|17|0
Robbie Ross Jr.|0 (0)|0 (0)|0 (0)|2.0 (46)|0 (0)|0 (0)|2.0 (24)||0|0|0|46|0
Junichi Tazawa|0.66 (9)|0 (0)|0.66 (9)|0 (0)|1.0 (10)|0 (0)|0 (0)||9|0|9|0|10
Koji Uehara|1.0 (19)|0 (0)|1.0 (13)|0 (0)|1.0 (9)|0 (0)|1.0 (14)||19|0|13|0|9
Chicago Cubs
Trevor Cahill|1.0 (20)|0 (0)|0.33 (4)|0 (0)|1.0 (17)|0 (0)|0 (0)||20|0|4|0|17
Justin Grimm|0 (0)|1.0 (20)|0 (0)|0 (0)|0 (0)|1.0 (11)|0 (0)||0|20|0|0|0
Neil Ramirez|1.66 (18)|0 (0)|1.0 (14)|0 (0)|0 (0)|1.0 (12)|0 (0)||18|0|14|0|0
Clayton Richard|0.33 (21)|0 (0)|1.0 (13)|0 (0)|0 (0)|0 (0)|0 (0)||21|0|13|0|0
Hector Rondon|0 (0)|0 (0)|0 (0)|0 (0)|1.0 (12)|0 (0)|1.0 (10)||0|0|0|0|12
Pedro Strop|0 (0)|1.0 (11)|0 (0)|0 (0)|0 (0)|0 (0)|0 (0)||0|11|0|0|0
Adam Warren|0 (0)|0 (0)|0 (0)|0 (0)|1.0 (13)|0 (0)|1.33 (15)||0|0|0|0|13
Travis Wood|0 (0)|1.0 (12)|0 (0)|0 (0)|0 (0)|0 (0)|0 (0)||0|12|0|0|0
Chicago White Sox
Matt Albers|0 (0)|1.0 (24)|0 (0)|0 (0)|1.0 (10)|0 (0)|2.0 (21)||0|24|0|0|10
Zach Duke|0 (0)|0.66 (7)|0.0 (9)|0 (0)|0.33 (3)|0 (0)|0.0 (2)||0|7|9|0|3
Nate Jones|0 (0)|0.33 (4)|1.33 (6)|0 (0)|0.66 (9)|0 (0)|0 (0)||0|4|6|0|9
Jake Petricka|0 (0)|0 (0)|0.66 (13)|0 (0)|0 (0)|0 (0)|0 (0)||0|0|13|0|0
David Robertson|0 (0)|1.0 (12)|1.0 (16)|0 (0)|1.0 (11)|0 (0)|0 (0)||0|12|16|0|11
Cincinnati Reds
Tony Cingrani|0 (0)|0 (0)|1.0 (21)|0 (0)|0.66 (24)|0 (0)|0 (0)||0|0|21|0|24
Caleb Cotham|0 (0)|1.0 (12)|0 (0)|0 (0)|0.0 (5)|0 (0)|1.0 (15)||0|12|0|0|5
Jumbo Diaz|1.0 (23)|0.66 (10)|0 (0)|0 (0)|0.66 (9)|1.0 (15)|0 (0)||23|10|0|0|9
J.J. Hoover|0 (0)|0.33 (29)|0 (0)|0 (0)|0 (0)|0 (0)|1.0 (11)||0|29|0|0|0
Ross Ohlendorf|0 (0)|0 (0)|1.0 (8)|0 (0)|0 (0)|1.0 (21)|0 (0)||0|0|8|0|0
Keyvius Sampson|0 (0)|0 (0)|2.0 (45)|0 (0)|0 (0)|0 (0)|0 (0)||0|0|45|0|0
Alfredo Simon|1.0 (27)|0 (0)|0 (0)|0 (0)|0 (0)|0 (0)|0 (0)||27|0|0|0|0
Dan Straily|3.0 (39)|0 (0)|2.33 (48)|0 (0)|0 (0)|3.0 (56)|0 (0)||39|0|48|0|0
Blake Wood|0 (0)|1.0 (29)|1.0 (17)|0 (0)|0 (0)|0 (0)|1.33 (17)||0|29|17|0|0
Cleveland Indians
Cody Allen|0 (0)|0 (0)|1.0 (19)|0.33 (12)|0 (0)|0 (0)|0 (0)||0|0|19|12|0
Trevor Bauer|2.0 (37)|1.0 (25)|0 (0)|0 (0)|0 (0)|0 (0)|0 (0)||37|25|0|0|0
Joba Chamberlain|0.66 (8)|0 (0)|0 (0)|0 (0)|0 (0)|0 (0)|1.0 (14)||8|0|0|0|0
Ross Detwiler|0.66 (13)|0 (0)|0 (0)|0 (0)|0 (0)|0 (0)|0 (0)||13|0|0|0|0
Zach McAllister|0 (0)|1.0 (9)|0 (0)|0 (0)|0 (0)|0 (0)|0.33 (5)||0|9|0|0|0
Dan Otero|1.0 (11)|0 (0)|0 (0)|0 (0)|0 (0)|0 (0)|0 (0)||11|0|0|0|0
Bryan Shaw|0 (0)|1.0 (17)|0 (0)|0 (0)|0 (0)|0 (0)|0.66 (32)||0|17|0|0|0
Colorado Rockies
Miguel Castro|0 (0)|0 (0)|1.0 (13)|0 (0)|0 (0)|0.66 (9)|2.0 (24)||0|0|13|0|0
Jason Gurka|0 (0)|0 (0)|0 (0)|3.0 (36)|0 (0)|0 (0)|2.0 (27)||0|0|0|36|0
Boone Logan|1.0 (12)|1.0 (19)|0 (0)|0 (0)|0 (0)|0.33 (13)|0.66 (25)||12|19|0|0|0
Jake McGee|0 (0)|0 (0)|1.0 (20)|0 (0)|0 (0)|1.0 (13)|0 (0)||0|0|20|0|0
Justin Miller|1.0 (14)|0.33 (9)|0 (0)|0 (0)|0 (0)|0 (0)|0 (0)||14|9|0|0|0
Chad Qualls|1.0 (20)|1.0 (28)|0 (0)|0 (0)|0 (0)|0 (0)|0.33 (9)||20|28|0|0|0
Chris Rusin|0 (0)|0 (0)|2.33 (28)|0 (0)|0 (0)|0 (0)|0 (0)||0|0|28|0|0
Detroit Tigers
Buck Farmer|2.0 (26)|0 (0)|0 (0)|1.0 (11)|0 (0)|0 (0)|2.33 (50)||26|0|0|11|0
Logan Kensing|0 (0)|0 (0)|0 (0)|0 (0)|2.0 (27)|0 (0)|2.0 (33)||0|0|0|0|27
Mark Lowe|0 (0)|1.33 (22)|1.0 (25)|0 (0)|1.0 (13)|0 (0)|0 (0)||0|22|25|0|13
Francisco Rodriguez|0 (0)|1.0 (22)|1.0 (8)|1.0 (11)|0 (0)|0 (0)|0 (0)||0|22|8|11|0
Kyle Ryan|0 (0)|0 (0)|0 (0)|0 (0)|1.0 (17)|0 (0)|0 (0)||0|0|0|0|17
Drew VerHagen|0 (0)|0.66 (27)|0 (0)|1.0 (15)|0.66 (11)|0 (0)|1.0 (12)||0|27|0|15|11
Justin Wilson|0 (0)|0 (0)|1.0 (12)|0.33 (4)|0 (0)|0 (0)|0 (0)||0|0|12|4|0
Houston Astros
Chris Devenski|0 (0)|1.33 (19)|1.0 (13)|0 (0)|0 (0)|0 (0)|0 (0)||0|19|13|0|0
Josh Fields|0 (0)|1.0 (13)|0 (0)|0 (0)|1.0 (8)|1.0 (11)|0 (0)||0|13|0|0|8
Ken Giles|0 (0)|0 (0)|1.0 (22)|0 (0)|0 (0)|0 (0)|1.0 (14)||0|0|22|0|0
Luke Gregerson|1.0 (5)|0 (0)|0 (0)|1.0 (18)|0 (0)|0 (0)|1.0 (21)||5|0|0|18|0
Will Harris|0 (0)|0 (0)|0 (0)|2.0 (18)|0 (0)|1.0 (11)|1.0 (15)||0|0|0|18|0
Pat Neshek|0 (0)|0 (0)|0.33 (5)|0 (0)|0 (0)|0.33 (5)|1.0 (18)||0|0|5|0|0
Tony Sipp|0 (0)|1.0 (18)|0.33 (4)|0 (0)|1.0 (22)|0 (0)|0 (0)||0|18|4|0|22
Kansas City Royals
Wade Davis|1.0 (11)|0.66 (8)|0 (0)|1.0 (33)|0 (0)|1.0 (11)|0 (0)||11|8|0|33|0
Danny Duffy|0 (0)|1.33 (19)|0 (0)|0 (0)|1.0 (19)|0 (0)|1.33 (19)||0|19|0|0|19
Dillon Gee|0 (0)|0 (0)|0 (0)|0 (0)|0 (0)|2.0 (36)|0 (0)||0|0|0|0|0
Kelvin Herrera|1.0 (13)|0 (0)|1.0 (16)|1.0 (17)|0 (0)|0 (0)|0 (0)||13|0|16|17|0
Luke Hochevar|0 (0)|0 (0)|1.0 (15)|1.0 (15)|0 (0)|1.33 (11)|0 (0)||0|0|15|15|0
Joakim Soria|1.0 (19)|0 (0)|1.0 (5)|1.0 (17)|0 (0)|0 (0)|0 (0)||19|0|5|17|0
Chien-Ming Wang|0 (0)|0 (0)|0 (0)|0 (0)|2.33 (40)|0 (0)|1.0 (22)||0|0|0|0|40
Los Angeles Angels
A.J. Achter|0 (0)|0 (0)|0 (0)|0 (0)|0 (0)|0 (0)|1.0 (11)||0|0|0|0|0
Jose Alvarez|0.0 (4)|0 (0)|1.0 (10)|0 (0)|1.66 (16)|0 (0)|0.33 (7)||4|0|10|0|16
Greg Mahle|0.33 (11)|0 (0)|1.0 (8)|0 (0)|0 (0)|0 (0)|0 (0)||11|0|8|0|0
Mike Morin|0.33 (10)|0 (0)|0 (0)|0.33 (5)|0 (0)|0 (0)|1.0 (13)||10|0|0|5|0
Fernando Salas|1.33 (31)|0 (0)|0.33 (6)|0 (0)|1.33 (20)|1.0 (10)|0 (0)||31|0|6|0|20
Joe Smith|0 (0)|0 (0)|0.66 (10)|0 (0)|0.66 (14)|1.0 (14)|0 (0)||0|0|10|0|14
Huston Street|0 (0)|0 (0)|0 (0)|1.0 (7)|0.33 (6)|1.0 (10)|0 (0)||0|0|0|7|6
Los Angeles Dodgers
Pedro Baez|0 (0)|0 (0)|0.33 (5)|1.0 (11)|0 (0)|0 (0)|0 (0)||0|0|5|11|0
Joe Blanton|1.0 (14)|0 (0)|0 (0)|0 (0)|0 (0)|2.0 (21)|0 (0)||14|0|0|0|0
Louis Coleman|0 (0)|0 (0)|0 (0)|1.33 (21)|0 (0)|1.0 (27)|0 (0)||0|0|0|21|0
Yimi Garcia|0 (0)|1.0 (18)|0 (0)|0 (0)|0 (0)|1.0 (12)|0 (0)||0|18|0|0|0
Chris Hatcher|1.0 (17)|0 (0)|0 (0)|0.66 (29)|0 (0)|0 (0)|1.0 (28)||17|0|0|29|0
J.P. Howell|0 (0)|1.0 (13)|0 (0)|0 (0)|0 (0)|0.0 (11)|0 (0)||0|13|0|0|0
Kenley Jansen|0 (0)|1.0 (14)|1.66 (18)|0 (0)|0 (0)|0 (0)|1.0 (17)||0|14|18|0|0
Miami Marlins
Craig Breslow|1.0 (8)|0 (0)|0 (0)|1.0 (17)|1.0 (11)|0 (0)|0 (0)||8|0|0|17|11
Edwin Jackson|0 (0)|0 (0)|0 (0)|0 (0)|0 (0)|0.66 (22)|0 (0)||0|0|0|0|0
Dustin McGowan|0 (0)|0 (0)|1.0 (26)|0 (0)|1.0 (17)|1.0 (15)|0 (0)||0|0|26|0|17
Bryan Morris|0.33 (9)|0 (0)|1.0 (15)|0 (0)|1.0 (10)|0 (0)|0 (0)||9|0|15|0|10
Chris Narveson|0.33 (10)|0 (0)|0 (0)|0 (0)|1.33 (21)|0.0 (6)|0 (0)||10|0|0|0|21
David Phelps|1.0 (18)|0 (0)|0 (0)|2.0 (34)|0 (0)|0 (0)|0 (0)||18|0|0|34|0
A.J. Ramos|0 (0)|0 (0)|0 (0)|1.0 (13)|0 (0)|0 (0)|0 (0)||0|0|0|13|0
Milwaukee Brewers
Michael Blazek|1.0 (23)|0 (0)|1.0 (7)|0 (0)|0 (0)|1.0 (19)|0.66 (1)||23|0|7|0|0
Blaine Boyer|0 (0)|0 (0)|0 (0)|0 (0)|0 (0)|0 (0)|1.66 (20)||0|0|0|0|0
Chris Capuano|0 (0)|2.0 (38)|0 (0)|0 (0)|2.0 (42)|0 (0)|0.66 (16)||0|38|0|0|42
Tyler Cravy|0 (0)|0 (0)|0 (0)|0 (0)|2.0 (35)|0 (0)|1.66 (13)||0|0|0|0|35
Sam Freeman|0 (0)|1.0 (17)|0 (0)|0 (0)|1.0 (19)|0 (0)|0 (0)||0|17|0|0|19
Jeremy Jeffress|1.0 (15)|0 (0)|1.0 (17)|0 (0)|0 (0)|1.0 (11)|0 (0)||15|0|17|0|0
Tyler Thornburg|1.0 (11)|0 (0)|1.0 (12)|0 (0)|0 (0)|1.0 (15)|0 (0)||11|0|12|0|0
Carlos Torres|0 (0)|0 (0)|0 (0)|0 (0)|1.0 (15)|0 (0)|0 (0)||0|0|0|0|15
Minnesota Twins
Fernando Abad|0 (0)|0.66 (7)|1.0 (12)|0 (0)|0 (0)|0 (0)|0 (0)||0|7|12|0|0
Casey Fien|0.33 (3)|0 (0)|0 (0)|0 (0)|0 (0)|0 (0)|1.0 (23)||3|0|0|0|0
Kevin Jepsen|1.0 (17)|0 (0)|0 (0)|0 (0)|0 (0)|1.0 (14)|0 (0)||17|0|0|0|0
Trevor May|0.66 (32)|0.66 (20)|0 (0)|0 (0)|1.0 (23)|0.66 (22)|0 (0)||32|20|0|0|23
Glen Perkins|0 (0)|0 (0)|0 (0)|0 (0)|0 (0)|1.0 (21)|1.0 (27)||0|0|0|0|0
Ryan Pressly|1.0 (11)|0 (0)|0.66 (11)|0 (0)|2.33 (32)|0 (0)|0 (0)||11|0|11|0|32
Taylor Rogers|0 (0)|0.66 (11)|0 (0)|0 (0)|0 (0)|0 (0)|0 (0)||0|11|0|0|0
Michael Tonkin|0 (0)|0 (0)|1.0 (19)|0 (0)|0 (0)|0 (0)|1.33 (36)||0|0|19|0|0
New York Mets
Antonio Bastardo|1.33 (16)|0 (0)|0 (0)|0 (0)|1.33 (39)|0 (0)|1.0 (10)||16|0|0|0|39
Jerry Blevins|0 (0)|0 (0)|0.66 (19)|0.33 (4)|1.0 (16)|0 (0)|0 (0)||0|0|19|4|16
Jeurys Familia|0.33 (15)|0 (0)|1.66 (23)|1.0 (22)|1.0 (14)|0 (0)|1.0 (17)||15|0|23|22|14
Jim Henderson|0 (0)|0 (0)|0.0 (14)|0.33 (34)|0 (0)|1.0 (17)|0 (0)||0|0|14|34|0
Addison Reed|1.66 (20)|0 (0)|0 (0)|0.33 (5)|1.66 (25)|1.0 (22)|0 (0)||20|0|0|5|25
Hansel Robles|0.33 (12)|0 (0)|0.66 (9)|0 (0)|2.33 (52)|0 (0)|1.0 (11)||12|0|9|0|52
Logan Verrett|0 (0)|0 (0)|0 (0)|0 (0)|0 (0)|1.0 (18)|0 (0)||0|0|0|0|0
New York Yankees
Johnny Barbato|0 (0)|1.33 (23)|0 (0)|1.0 (16)|0 (0)|0 (0)|0 (0)||0|23|0|16|0
Dellin Betances|0 (0)|0 (0)|0 (0)|1.33 (23)|0 (0)|0 (0)|1.0 (26)||0|0|0|23|0
Andrew Miller|0 (0)|0 (0)|0 (0)|1.0 (12)|0 (0)|0 (0)|1.0 (8)||0|0|0|12|0
Ivan Nova|0 (0)|0 (0)|1.0 (25)|0 (0)|0 (0)|0 (0)|0 (0)||0|0|25|0|0
Tyler Olson|2.66 (47)|0 (0)|0 (0)|0 (0)|0 (0)|0 (0)|0 (0)||47|0|0|0|0
Chasen Shreve|0 (0)|0 (0)|0 (0)|0.66 (12)|0 (0)|0 (0)|0.33 (6)||0|0|0|12|0
Kirby Yates|0.66 (18)|0 (0)|1.0 (14)|0 (0)|0 (0)|0 (0)|0.66 (20)||18|0|14|0|0
Oakland Athletics
John Axford|0 (0)|0 (0)|0 (0)|1.0 (11)|0 (0)|1.0 (8)|0 (0)||0|0|0|11|0
Sean Doolittle|0.66 (12)|0 (0)|0 (0)|1.0 (15)|0 (0)|1.0 (11)|0 (0)||12|0|0|15|0
Ryan Dull|1.33 (16)|0 (0)|1.33 (15)|0 (0)|0.66 (9)|0 (0)|1.0 (18)||16|0|15|0|9
Liam Hendriks|0 (0)|0 (0)|0.33 (17)|0 (0)|2.0 (27)|0 (0)|0 (0)||0|0|17|0|27
Ryan Madson|0 (0)|0 (0)|0 (0)|1.0 (21)|0 (0)|1.0 (21)|0 (0)||0|0|0|21|0
Fernando Rodriguez|1.33 (25)|0 (0)|2.0 (22)|0 (0)|0 (0)|0 (0)|0 (0)||25|0|22|0|0
Marc Rzepczynski|1.33 (23)|0 (0)|0.66 (7)|0 (0)|0 (0)|0 (0)|2.0 (31)||23|0|7|0|0
Philadelphia Phillies
Elvis Araujo|1.0 (14)|0 (0)|0 (0)|0 (0)|0 (0)|0 (0)|0 (0)||14|0|0|0|0
Jeanmar Gomez|0 (0)|0 (0)|1.0 (22)|1.0 (13)|0 (0)|1.0 (14)|1.0 (6)||0|0|22|13|0
David Hernandez|0 (0)|0 (0)|1.0 (29)|1.0 (17)|0 (0)|0 (0)|1.0 (19)||0|0|29|17|0
Dalier Hinojosa|0 (0)|0 (0)|0 (0)|0 (0)|1.66 (21)|0 (0)|0 (0)||0|0|0|0|21
Hector Neris|0 (0)|0 (0)|0 (0)|0.33 (5)|0 (0)|2.0 (21)|0.66 (13)||0|0|0|5|0
Brett Oberholtzer|4.0 (63)|0 (0)|0 (0)|0 (0)|0 (0)|0 (0)|0 (0)||63|0|0|0|0
James Russell|1.0 (16)|0 (0)|0 (0)|0 (0)|0.33 (14)|0.33 (5)|0 (0)||16|0|0|0|14
Daniel Stumpf|0 (0)|0 (0)|0 (0)|0 (0)|0 (0)|0 (0)|0.33 (3)||0|0|0|0|0
Pittsburgh Pirates
Arquimedes Caminero|0 (0)|1.0 (19)|0.66 (27)|0 (0)|0 (0)|0.33 (13)|1.33 (12)||0|19|27|0|0
Neftali Feliz|1.0 (17)|0 (0)|0.33 (10)|0 (0)|1.0 (20)|1.0 (14)|0 (0)||17|0|10|0|20
Kyle Lobstein|2.0 (30)|0 (0)|0 (0)|3.0 (59)|0 (0)|0 (0)|2.0 (38)||30|0|0|59|0
Cory Luebke|0 (0)|0 (0)|0.66 (30)|2.0 (34)|0 (0)|0 (0)|0 (0)||0|0|30|34|0
Mark Melancon|0 (0)|0 (0)|0 (0)|0 (0)|1.0 (9)|0 (0)|0 (0)||0|0|0|0|9
Rob Scahill|0.33 (3)|1.0 (18)|0 (0)|0 (0)|0 (0)|0 (0)|0 (0)||3|18|0|0|0
A.J. Schugel|1.0 (33)|0 (0)|2.33 (37)|0 (0)|0 (0)|0 (0)|0 (0)||33|0|37|0|0
Tony Watson|0 (0)|1.0 (18)|0 (0)|0 (0)|1.0 (13)|1.0 (9)|0 (0)||0|18|0|0|13
San Diego Padres
Ryan Buchter|0.33 (6)|0 (0)|1.0 (14)|1.0 (21)|0 (0)|0 (0)|0 (0)||6|0|14|21|0
Brad Hand|0 (0)|0 (0)|0 (0)|0.66 (16)|0.66 (1)|0 (0)|1.0 (14)||0|0|0|16|1
Brandon Maurer|0 (0)|1.0 (27)|0 (0)|0 (0)|1.0 (16)|1.0 (27)|0 (0)||0|27|0|0|16
Luis Perdomo|0 (0)|0 (0)|0 (0)|0 (0)|0 (0)|0 (0)|1.0 (10)||0|0|0|0|0
Kevin Quackenbush|0 (0)|0 (0)|0 (0)|0.33 (16)|0.33 (6)|0 (0)|0 (0)||0|0|0|16|6
Fernando Rodney|1.33 (16)|0 (0)|0 (0)|0 (0)|1.0 (12)|0 (0)|0 (0)||16|0|0|0|12
Carlos Villanueva|0.33 (1)|1.0 (14)|0 (0)|0 (0)|1.0 (10)|0 (0)|2.0 (35)||1|14|0|0|10
San Francisco Giants
Santiago Casilla|0 (0)|0 (0)|0 (0)|0 (0)|0 (0)|1.0 (12)|1.0 (23)||0|0|0|0|0
Cory Gearrin|1.0 (3)|0 (0)|1.0 (13)|0 (0)|0 (0)|0 (0)|0 (0)||3|0|13|0|0
Chris Heston|0 (0)|1.33 (45)|2.0 (32)|0 (0)|0 (0)|0 (0)|0 (0)||0|45|32|0|0
George Kontos|1.0 (15)|0 (0)|0.33 (1)|1.0 (17)|0 (0)|0 (0)|0.33 (5)||15|0|1|17|0
Derek Law|1.0 (21)|0 (0)|0 (0)|0 (0)|0 (0)|0 (0)|0 (0)||21|0|0|0|0
Javier Lopez|0 (0)|1.0 (11)|0 (0)|0 (0)|0 (0)|0 (0)|0.0 (6)||0|11|0|0|0
Josh Osich|0 (0)|0 (0)|0.66 (30)|0 (0)|0 (0)|0.66 (8)|0.66 (4)||0|0|30|0|0
Sergio Romo|0 (0)|0 (0)|0 (0)|0 (0)|0 (0)|0.33 (12)|1.0 (11)||0|0|0|0|0
Hunter Strickland|0 (0)|1.0 (21)|0 (0)|0 (0)|0 (0)|0 (0)|1.0 (15)||0|21|0|0|0
Seattle Mariners
Steve Cishek|0 (0)|0 (0)|2.0 (27)|0 (0)|0 (0)|1.0 (23)|0 (0)||0|0|27|0|0
Mike Montgomery|1.0 (20)|0 (0)|0 (0)|0 (0)|2.0 (42)|0 (0)|1.0 (11)||20|0|0|0|42
Vidal Nuno|1.33 (16)|0 (0)|1.0 (9)|1.0 (18)|0 (0)|0 (0)|1.0 (13)||16|0|9|18|0
Joel Peralta|1.0 (10)|0 (0)|1.0 (13)|0 (0)|0 (0)|1.0 (19)|0 (0)||10|0|13|0|0
Nick Vincent|0 (0)|0 (0)|0 (0)|1.0 (11)|0 (0)|1.0 (13)|0 (0)||0|0|0|11|0
Tony Zych|0.66 (18)|0 (0)|0 (0)|1.0 (30)|1.0 (15)|0 (0)|2.0 (26)||18|0|0|30|15
St. Louis Cardinals
Matt Bowman|1.0 (10)|0 (0)|0 (0)|0 (0)|2.0 (34)|0 (0)|0 (0)||10|0|0|0|34
Jonathan Broxton|1.0 (12)|0 (0)|0 (0)|0 (0)|0 (0)|0.66 (31)|0 (0)||12|0|0|0|0
Tyler Lyons|0 (0)|0 (0)|0 (0)|0 (0)|1.0 (13)|0 (0)|2.0 (22)||0|0|0|0|13
Seth Maness|0 (0)|0 (0)|0.33 (3)|0 (0)|0 (0)|0.33 (8)|1.0 (16)||0|0|3|0|0
Seung-Hwan Oh|0 (0)|0 (0)|1.0 (14)|0 (0)|0 (0)|1.0 (14)|0 (0)||0|0|14|0|0
Trevor Rosenthal|0 (0)|0 (0)|0.66 (33)|0 (0)|0 (0)|1.33 (30)|0 (0)||0|0|33|0|0
Kevin Siegrist|0 (0)|0 (0)|1.0 (11)|0 (0)|0 (0)|0.66 (17)|0 (0)||0|0|11|0|0
Tampa Bay Rays
Xavier Cedeno|1.0 (7)|0 (0)|0 (0)|1.0 (10)|0 (0)|0 (0)|0 (0)||7|0|0|10|0
Alex Colome|1.0 (16)|0 (0)|0 (0)|1.0 (15)|0 (0)|0 (0)|0 (0)||16|0|0|15|0
Dana Eveland|0 (0)|1.0 (28)|0 (0)|0 (0)|0 (0)|0 (0)|0 (0)||0|28|0|0|0
Danny Farquhar|0 (0)|1.0 (26)|0 (0)|0 (0)|0 (0)|0 (0)|0 (0)||0|26|0|0|0
Steve Geltz|0 (0)|0.66 (15)|0 (0)|0 (0)|0 (0)|0 (0)|0 (0)||0|15|0|0|0
Erasmo Ramirez|0 (0)|0 (0)|2.0 (33)|0 (0)|0 (0)|2.0 (23)|0 (0)||0|0|33|0|0
Ryan Webb|0 (0)|1.0 (18)|0 (0)|0 (0)|0 (0)|0 (0)|0 (0)||0|18|0|0|0
Texas Rangers
Tony Barnette|0 (0)|0 (0)|2.33 (25)|0 (0)|0 (0)|0.66 (9)|0 (0)||0|0|25|0|0
Alex Claudio|1.0 (9)|0 (0)|1.66 (25)|0 (0)|0 (0)|0 (0)|0 (0)||9|0|25|0|0
Jake Diekman|0 (0)|0 (0)|0.66 (11)|0 (0)|1.0 (14)|0 (0)|0 (0)||0|0|11|0|14
Sam Dyson|0 (0)|1.0 (14)|0 (0)|0 (0)|0.66 (7)|0 (0)|1.0 (13)||0|14|0|0|7
Andrew Faulkner|1.33 (34)|0 (0)|0 (0)|0.33 (5)|0.33 (8)|0 (0)|0 (0)||34|0|0|5|8
Keone Kela|0 (0)|1.0 (17)|0 (0)|0 (0)|1.0 (19)|0 (0)|1.0 (18)||0|17|0|0|19
Phil Klein|0 (0)|0 (0)|0 (0)|2.0 (21)|0 (0)|1.0 (13)|0 (0)||0|0|0|21|0
Shawn Tolleson|0 (0)|1.0 (16)|0 (0)|0 (0)|0 (0)|0 (0)|1.0 (15)||0|16|0|0|0
Tom Wilhelmsen|0.66 (23)|0.66 (2)|0 (0)|0 (0)|0 (0)|0 (0)|0 (0)||23|2|0|0|0
Toronto Blue Jays
Joe Biagini|2.0 (36)|0 (0)|0 (0)|0 (0)|0 (0)|0 (0)|1.0 (16)||36|0|0|0|0
Brett Cecil|0 (0)|0 (0)|1.0 (16)|0.66 (18)|0 (0)|0 (0)|0 (0)||0|0|16|18|0
Jesse Chavez|1.0 (12)|0 (0)|0 (0)|1.33 (26)|0 (0)|0 (0)|0 (0)||12|0|0|26|0
Gavin Floyd|0 (0)|0 (0)|0 (0)|1.0 (10)|0 (0)|0 (0)|0 (0)||0|0|0|10|0
Arnold Leon|0 (0)|0 (0)|0 (0)|0 (0)|0 (0)|0 (0)|2.0 (38)||0|0|0|0|0
Roberto Osuna|0 (0)|1.0 (12)|0 (0)|0 (0)|0 (0)|1.0 (19)|1.0 (10)||0|12|0|0|0
Drew Storen|0 (0)|0 (0)|1.0 (12)|0 (0)|0 (0)|1.0 (12)|0 (0)||0|0|12|0|0
Pat Venditte|0.33 (12)|0 (0)|1.0 (13)|0 (0)|0 (0)|0 (0)|0 (0)||12|0|13|0|0
Washington Nationals
Matt Belisle|0 (0)|0 (0)|0 (0)|0 (0)|0.33 (6)|0 (0)|0 (0)||0|0|0|0|6
Shawn Kelley|0 (0)|0 (0)|0 (0)|1.0 (12)|0 (0)|0 (0)|0 (0)||0|0|0|12|0
Jonathan Papelbon|0 (0)|0 (0)|1.0 (8)|0 (0)|1.0 (20)|1.0 (19)|0 (0)||0|0|8|0|20
Oliver Perez|0 (0)|0 (0)|1.0 (11)|0.33 (13)|0 (0)|0 (0)|0 (0)||0|0|11|13|0
Yusmeiro Petit|1.33 (24)|0 (0)|0 (0)|0 (0)|0 (0)|0 (0)|0 (0)||24|0|0|0|0
Felipe Rivero|0 (0)|1.33 (14)|0 (0)|0.33 (7)|1.0 (6)|0 (0)|0 (0)||0|14|0|7|6
Blake Treinen|0 (0)|0 (0)|0 (0)|1.33 (22)|0.66 (5)|1.0 (9)|0 (0)||0|0|0|22|5
