951, CIN - Finnegan (L), +169, 45.1, +132, +130, , +133,7 -105, 62.9, 7 -105, 7 -106, , 7 -110,
952, STL - Wainwright (R), -179, 54.9, -142, -141, , -143,7 -115, 37.1, 7 -105, 7 -104, , 7 -110,
953, COL - Bergman (R), +288, 47.8, +290, +275, , +280,6.5 -110, 69.4, 6.5 +105, 6.5 +104, , 6.5 -105,
954, CHC - Arrieta (R), -325, 52.2, -320, -305, , -315,6.5 -110, 30.6, 6.5 -115, 6.5 -115, , 6.5 -115,
955, MIL - Jungmann (R), +138, 41.6, +140, +138, , +136,7.5 -115, 63.6, 7.5 -120, 7.5 -117, , 7.5 -127,
956, PIT - Niese (L), -148, 58.4, -150, -150, , -146,7.5 -105, 36.4, 7.5 +110, 7.5 +106, , 7.5 +107,
957, WSH - Scherzer (R), -180, 57.5, -166, -164, , -165,7 -105, 56.0, 6.5 +100, 6.5 +107, , 6.5 +100,
958, PHI - Nola (R), +170, 42.5, +156, +151, , +155,7 -115, 44.0, 6.5 -110, 6.5 -118, , 6.5 -120,
959, ATL - Norris (R), +161, 54.9, +123, +121, , +122,8 -110, 96.4, 8 -105, 8 -120, , 8 -125,
960, MIA - Koehler (R), -171, 45.1, -133, -131, , -132,8 -110, 3.6, 8 -105, 8 +109, , 8 +105,
961, ARI - Miller (R), +107, 59.3, -108, -105, , -106,6.5 -115, 53.1, 7 -110, 7 -111, , 7 -115,
962, SD - Cashner (R), -117, 40.7, -102, -103, , -104,6.5 -105, 46.9, 7 +100, 7 +101, , 7 -105,
963, SF - Cueto (R), +110, 59.9, -102, -103, , -105,6.5 -110, 60.2, 7 -112, 7 -106, , 7 -110,
964, LAD - Kazmir (L), -120, 40.1, -108, -105, , -105,6.5 -110, 39.8, 7 +102, 7 -104, , 7 -110,
965, SEA - Hernandez (R), -122, 56.7, -119, -119, , -115,7.5 -115, 43.1, 7.5 -105, 7.5 -105, , 7.5 -110,
966, NYY - Sabathia (L), +112, 43.3, +109, +110, , +105,7.5 -105, 56.9, 7.5 -105, 7.5 -105, , 7.5 -110,
967, LAA - Weaver (R), -118, 51.4, +115, +115, , +112,8.5 +100, 58.7, 9 -110, 9 -110, , 9 -115,
968, MIN - Nolasco (R), +108, 48.6, -125, -124, , -122,8.5 -120, 41.3, 9 +100, 9 +100, , 9 -105,
969, KC - Young (R), -117, 51.5, +142, +138, , +140,7.5 -125, 40.0, 7 -115, 7 -116, , 7 -120,
970, OAK - Gray (R), +107, 48.5, -152, -150, , -150,7.5 +105, 60.0, 7 +105, 7 +105, , 7 +100,
971, TOR - Estrada (R), +135, 50.9, +123, +123, , +124,8.5 -105, 46.8, 8 +105, 8 +106, , 8 +105,
972, BOS - Price (L), -145, 49.1, -133, -133, , -134,8.5 -115, 53.2, 8 -115, 8 -117, , 8 -125,
973, CWS - Danks (L), +125, 0.0%, +128, +130, , +130,7.5 -114, 63.3, 7.5 -115, 7.5 -115, , 7.5 -120,
974, TB - Ramirez (R), -135, .0, -138, -141, , -140,7.5 -106, 36.7, 7.5 +105, 7.5 +104, , 7.5 +100,
975, DET - Verlander (R), +124, 51.4, +118, +118, , +118,8.5 -105, 63.6, 8.5 -113, 8.5 -121, , 8.5 -125,
976, HOU - McHugh (R), -134, 48.6, -128, -128, , -128,8.5 -115, 36.4, 8.5 +103, 8.5 +110, , 8.5 +105,
977, BAL - Gallardo (R), -105, 54.3, +105, +105, , +100,9 -120, 69.8, 9.5 -120, 9.5 -128, , 9.5 -130,
978, TEX - Lewis (R), -105, 45.7, -115, -114, , -110,9 +100, 30.2, 9.5 +110, 9.5 +116, , 9.5 +110,
979, NYM - Harvey (R), -130, 57.1, -125, -127, , -127,7.5 -110, 46.3, 7 -120, 7 -123, , 7 -125,
980, CLE - Tomlin (R), +120, 42.9, +115, +117, , +117,7.5 -110, 53.7, 7 +110, 7 +111, , 7 +105,
